95,9.213391817333408
140,11.012115331000132
135,10.66146519239992
40,8.415299821333216
125,11.620896210666919
120,12.210098096000062
65,10.1294794620002
130,13.206905731749885
85,11.804949031499973
30,11.992099093499974
55,9.54814702900012
35,11.892811166499996
115,12.470783020666204
90,12.318594962667097
70,9.02006789925008
105,12.632536722999703
110,10.686420176333437
60,11.766779414000212
45,9.3617606843333
145,12.643531240250013
80,10.97109809750009
15,8.796680820333373
25,10.65444904549986
100,12.019403878199956
20,10.765114500799973
5,10.144999931000257
75,12.18704687599984
10,10.939945929999794
50,10.414183728333228
